52802
52811
52801
51089
51008
51088
51027
51099
51028
51021
51001
51000
51009
51003
51020
51007
51010
51011
40417
40425
40428
40429
405800
405801
405802
405803
405804
405805
405806
405807
405808
405809
405810
405811
405812
40402
40403
40410
40431
40470
40490
40491
40492
40493
40494
40495
40496
40497
40498
40551
40552
40553
40554
40555
40556
40437
40440
40441
40442
40445
40416
40449
40468
40469
40448
405912
405913
405914
405917
40404
40407
40412
40414
40419
40422
40424
40444
40456
40478
40482
40487
40489
405799
405845
405846
405847
405848
405849
405850
405851
405852
405853
405908
405909
405910
405911
405854
405855
405856
405857
405858
405859
405860
405861
405862
405863
405864
405865
405866
405867
405868
405869
405870
405871
405872
405873
405874
405840
40421
40409
40418
40436
40450
40452
40467
40483
40485
40501
40503
40504
40505
40506
40507
40508
40509
40510
40511
40512
40513
40514
40515
40517
40518
40519
40520
40521
40522
40523
405881
405025
405026
405027
405028
405029
405030
405030
405031
405032
405033
405034
405035
405036
405037
405038
405039
405041
405042
405043
405044
405045
405046
405047
405819
405818
405820
405821
405822
405844
405875
405880
405927
405929
405824
405827
405834
40401
40405
40411
40413
40415
40420
40427
40430
40443
40446
40460
40484
40488
40566
40567
40570
405750
405751
405752
405753
405754
405755
405756
40486
40434
40438
40451
40453
40454
40455
40457
40458
40459
40462
40464
40466
40471
40472
40473
40474
40475
40476
40477
40479
40480
40481
45601
45618
45608
45609
45611
45602
45605
45606
45603
45604
45708
45702
45701
45703
41403
41401
41405
41406
50201
502156
502151
50213
50219
502155
50216
50210
50220
50217
50212
50211
502154
50214
502157
502150
50218
502153
502152
51524
51518
51502
51501
51588
51511
51503
51505
52512
52503
52501
52507
52502
52505
52506
52508
52020
52001
52003
52023
52002
52015
52047
52099
52004
52025
52018
52005
52000
51402
51403
51401
45206
45208
45207
45201
45202
45203
45205
45204
