52802
51088
51027
51000
51009
51011
40417
40429
405801
405804
405806
405809
405811
40403
40431
40491
40493
40495
40497
40551
40553
40555
40441
40445
40469
40448
40419
40424
40456
40487
40489
405799
405846
405848
405850
405852
405908
405910
405854
405856
405858
405860
405862
405864
405866
405868
405870
405872
405874
405840
40421
40409
40436
40450
40452
40467
40483
40485
40501
40503
40504
40505
40507
40509
40511
40513
40515
40518
40520
40522
405026
405028
405030
405032
405034
405036
405038
405042
405044
405046
405819
405820
405822
405880
405927
405827
40401
40405
40411
40413
40415
40427
40443
40460
40566
40570
405751
405753
405755
40438
40454
40458
40464
40471
40473
40475
40477
40479
40481
45601
45608
45611
45605
45603
45708
45702
41401
41405
50201
502156
50213
50216
50220
50211
502154
502150
50218
502152
51524
51502
51505
52503
52501
52506
52508
52003
52025
52018
52005
51402
45207
45201
45204
